%YAML:1.0
---
MTX: !!opencv-matrix
   rows: 3
   cols: 3
   dt: d
   data: [ 6.4068675610525258e+02, 0., 3.2050317587210139e+02, 0.,
       6.3853013415598036e+02, 2.3299583869329734e+02, 0., 0., 1. ]
DIST: !!opencv-matrix
   rows: 1
   cols: 5
   dt: d
   data: [ -2.1949627009703482e-01, 7.0234268457071114e-01,
       5.0569914944168853e-03, -8.3425797996263280e-03,
       -6.4556018596636733e-01 ]
R0: !!opencv-matrix
   rows: 3
   cols: 1
   dt: d
   data: [ -5.1954201346201004e-02, -7.1244090249529407e-02,
       -1.5796116092110386e+00 ]
T0: !!opencv-matrix
   rows: 3
   cols: 1
   dt: d
   data: [ -4.7261906887384111e+00, 3.5359327083161136e+00,
       1.3808006128022127e+01 ]
R1: !!opencv-matrix
   rows: 3
   cols: 1
   dt: d
   data: [ -1.1629411158511931e-01, -5.7121483064846726e-02,
       -1.5964169503493533e+00 ]
T1: !!opencv-matrix
   rows: 3
   cols: 1
   dt: d
   data: [ -4.7248955509319179e+00, 4.2531941651775940e+00,
       1.4333123443616698e+01 ]
R2: !!opencv-matrix
   rows: 3
   cols: 1
   dt: d
   data: [ 5.9281646693395318e-01, -7.9710858769443960e-01,
       -1.3738893845560662e+00 ]
T2: !!opencv-matrix
   rows: 3
   cols: 1
   dt: d
   data: [ -3.7351150796688808e+00, 3.6349989707225916e+00,
       1.2772730230887252e+01 ]
R3: !!opencv-matrix
   rows: 3
   cols: 1
   dt: d
   data: [ 5.9549102364198847e-01, -8.0714199596339709e-01,
       -1.3722796353079498e+00 ]
T3: !!opencv-matrix
   rows: 3
   cols: 1
   dt: d
   data: [ -3.5950831243398969e+00, 3.5612036056998218e+00,
       1.2890768016553885e+01 ]
R4: !!opencv-matrix
   rows: 3
   cols: 1
   dt: d
   data: [ -8.7339994524859099e-01, 5.1444130484769468e-01,
       -1.4376951173850669e+00 ]
T4: !!opencv-matrix
   rows: 3
   cols: 1
   dt: d
   data: [ -4.4196280095229729e-01, 5.1914060302212244e+00,
       2.1459927321780942e+01 ]
R5: !!opencv-matrix
   rows: 3
   cols: 1
   dt: d
   data: [ -8.8602305117528579e-01, 5.1622968767132738e-01,
       -1.4352535339269104e+00 ]
T5: !!opencv-matrix
   rows: 3
   cols: 1
   dt: d
   data: [ -4.7595008164394448e-01, 5.1768449564962777e+00,
       2.1425204142547319e+01 ]
R6: !!opencv-matrix
   rows: 3
   cols: 1
   dt: d
   data: [ 3.3140984279194463e-01, 5.9407050365693259e-01,
       -1.5609578988029027e+00 ]
T6: !!opencv-matrix
   rows: 3
   cols: 1
   dt: d
   data: [ -4.6329516980237484e+00, 2.9518893515814417e+00,
       1.6966769303592990e+01 ]
R7: !!opencv-matrix
   rows: 3
   cols: 1
   dt: d
   data: [ 3.3445536369861179e-01, 5.9530228535537510e-01,
       -1.5632038896580989e+00 ]
T7: !!opencv-matrix
   rows: 3
   cols: 1
   dt: d
   data: [ -4.6574641645665160e+00, 2.9255438167178163e+00,
       1.6984425870260800e+01 ]
R8: !!opencv-matrix
   rows: 3
   cols: 1
   dt: d
   data: [ -6.7395778493655045e-01, -5.8904415197244475e-01,
       -1.4433049386167220e+00 ]
T8: !!opencv-matrix
   rows: 3
   cols: 1
   dt: d
   data: [ -4.0452282573186640e+00, 4.1996648618426438e+00,
       1.4498867060766647e+01 ]
R9: !!opencv-matrix
   rows: 3
   cols: 1
   dt: d
   data: [ -6.7276753733801031e-01, -5.9305061809911419e-01,
       -1.4409244653923625e+00 ]
T9: !!opencv-matrix
   rows: 3
   cols: 1
   dt: d
   data: [ -4.0951580401499443e+00, 4.1509054108401919e+00,
       1.4576039916522760e+01 ]
