%YAML:1.0
---
MTX: !!opencv-matrix
   rows: 3
   cols: 3
   dt: d
   data: [ 7.9648634383538786e+02, 0., 1.0020898074410394e+03, 0.,
       7.9390368809394420e+02, 4.2578510644167159e+02, 0., 0., 1. ]
DIST: !!opencv-matrix
   rows: 1
   cols: 5
   dt: d
   data: [ -1.5358697584944367e-01, 2.3437158242800685e-02,
       6.6345297718479971e-05, 1.8749261637484555e-04,
       -1.6286925878544927e-03 ]
R0: !!opencv-matrix
   rows: 3
   cols: 1
   dt: d
   data: [ 1.6483036296008283e-01, 2.5438982904301830e-02,
       -1.5207933066390158e+00 ]
T0: !!opencv-matrix
   rows: 3
   cols: 1
   dt: d
   data: [ -5.0290815782730514e+00, 2.7934681157335874e+00,
       6.5730167422787993e+00 ]
R1: !!opencv-matrix
   rows: 3
   cols: 1
   dt: d
   data: [ -1.6944097659468119e-01, 4.3333312752956793e-01,
       -1.5816959891164810e+00 ]
T1: !!opencv-matrix
   rows: 3
   cols: 1
   dt: d
   data: [ 2.9241345753442749e-01, 2.4372422271656635e+00,
       9.5256737918510161e+00 ]
R2: !!opencv-matrix
   rows: 3
   cols: 1
   dt: d
   data: [ -8.6310248176004134e-02, 1.4375024504501960e-01,
       -1.5130781250120295e+00 ]
T2: !!opencv-matrix
   rows: 3
   cols: 1
   dt: d
   data: [ 1.0990648434582242e+00, 5.3490569293448571e+00,
       8.0241177823810244e+00 ]
R3: !!opencv-matrix
   rows: 3
   cols: 1
   dt: d
   data: [ 8.9131918918874398e-02, 3.9316515463306057e-02,
       -1.4985468866121121e+00 ]
T3: !!opencv-matrix
   rows: 3
   cols: 1
   dt: d
   data: [ -3.3263664841106171e+00, 7.7668666680448206e+00,
       1.0213006986339751e+01 ]
R4: !!opencv-matrix
   rows: 3
   cols: 1
   dt: d
   data: [ 1.2908651653904912e-01, -1.4060240279219415e-02,
       -1.5345631364134378e+00 ]
T4: !!opencv-matrix
   rows: 3
   cols: 1
   dt: d
   data: [ -6.9069852708979740e-01, 3.5086933405307437e+00,
       5.5312364313189573e+00 ]
R5: !!opencv-matrix
   rows: 3
   cols: 1
   dt: d
   data: [ -3.2356352947105127e-01, 3.9116744593068214e-01,
       -1.4201373340041583e+00 ]
T5: !!opencv-matrix
   rows: 3
   cols: 1
   dt: d
   data: [ -3.7157329800417691e+00, 2.2568196877902018e+00,
       1.1159095191054302e+01 ]
R6: !!opencv-matrix
   rows: 3
   cols: 1
   dt: d
   data: [ 7.5260571833781098e-01, -4.7785236818500315e-01,
       -1.4766462747179616e+00 ]
T6: !!opencv-matrix
   rows: 3
   cols: 1
   dt: d
   data: [ -1.2253951925516149e+00, 3.2450601664552341e+00,
       9.3991894263530380e+00 ]
R7: !!opencv-matrix
   rows: 3
   cols: 1
   dt: d
   data: [ 5.2428129023120906e-01, 3.9662254889158005e-01,
       -1.4682858481990766e+00 ]
T7: !!opencv-matrix
   rows: 3
   cols: 1
   dt: d
   data: [ -5.1129677121230035e+00, 3.6398803212442341e+00,
       1.1380204755237918e+01 ]
R8: !!opencv-matrix
   rows: 3
   cols: 1
   dt: d
   data: [ -4.8640881932686819e-01, -5.8486407716284783e-01,
       -1.3932255482589344e+00 ]
T8: !!opencv-matrix
   rows: 3
   cols: 1
   dt: d
   data: [ -4.5316481583985508e+00, 2.1501595428540465e+00,
       1.1161271924387419e+01 ]
R9: !!opencv-matrix
   rows: 3
   cols: 1
   dt: d
   data: [ -3.8591204799018386e-01, -4.2161007330458944e-01,
       -1.3073914470360544e+00 ]
T9: !!opencv-matrix
   rows: 3
   cols: 1
   dt: d
   data: [ -1.3924885929835204e+01, 1.3537797741097095e+00,
       1.0245047894036441e+01 ]
