%YAML:1.0
---
H: !!opencv-matrix
   rows: 3
   cols: 3
   dt: d
   data: [ -4.3763340586226063e-01, -2.7185737547692841e+00,
       1.4320496324168914e+03, 1.4263465388667074e-02,
       -3.1204143572047243e+00, 1.3789719115976245e+03,
       -9.3737675263918607e-05, -2.6090453200239222e-03, 1. ]
