%YAML:1.0
---
H: !!opencv-matrix
   rows: 3
   cols: 3
   dt: d
   data: [ -4.2744738051938386e-01, -2.7683536969324236e+00,
       1.4332796207061526e+03, 4.2413436260801407e-02,
       -3.2052943290974367e+00, 1.3901092876994380e+03,
       -7.2834601210284967e-05, -2.6654015997136533e-03, 1. ]
