%YAML:1.0
---
MTX: !!opencv-matrix
   rows: 3
   cols: 3
   dt: d
   data: [ 5.4406254343226249e+02, 0., 3.2176778699958561e+02, 0.,
       5.4801458000301034e+02, 2.7129350074944824e+02, 0., 0., 1. ]
DIST: !!opencv-matrix
   rows: 1
   cols: 5
   dt: d
   data: [ 1.4004592178441080e-01, -6.1955376502167603e-01,
       2.0330563026766856e-02, 1.1368567895985176e-02,
       4.5179257543444701e-01 ]
R0: !!opencv-matrix
   rows: 3
   cols: 1
   dt: d
   data: [ -1.6156531441143207e-01, 2.1668922018048611e-01,
       -1.5020592530518628e+00 ]
T0: !!opencv-matrix
   rows: 3
   cols: 1
   dt: d
   data: [ -3.4115428243659229e+00, 1.1657343333918626e+00,
       2.3567590736440653e+01 ]
R1: !!opencv-matrix
   rows: 3
   cols: 1
   dt: d
   data: [ -1.9953452973717925e-01, 2.5160956703306397e-01,
       -1.4857815578958309e+00 ]
T1: !!opencv-matrix
   rows: 3
   cols: 1
   dt: d
   data: [ -3.2407906618560842e+00, 9.4712065232465181e-01,
       2.3800213714842062e+01 ]
R2: !!opencv-matrix
   rows: 3
   cols: 1
   dt: d
   data: [ -2.3754579675778389e-01, 2.8581421367429893e-01,
       -1.4686563491511690e+00 ]
T2: !!opencv-matrix
   rows: 3
   cols: 1
   dt: d
   data: [ -3.0434011806912364e+00, 7.7580440768289471e-01,
       2.4070480729686423e+01 ]
R3: !!opencv-matrix
   rows: 3
   cols: 1
   dt: d
   data: [ -2.8377355404986421e-01, 3.1181888995318219e-01,
       -1.4496312360942605e+00 ]
T3: !!opencv-matrix
   rows: 3
   cols: 1
   dt: d
   data: [ -2.8304326764522116e+00, 6.0842284132447044e-01,
       2.4349355035022178e+01 ]
R4: !!opencv-matrix
   rows: 3
   cols: 1
   dt: d
   data: [ -3.2923121538800437e-01, 3.4512525110278636e-01,
       -1.4340836069689291e+00 ]
T4: !!opencv-matrix
   rows: 3
   cols: 1
   dt: d
   data: [ -2.5918829069493050e+00, 4.9515600460265180e-01,
       2.4652636762878871e+01 ]
R5: !!opencv-matrix
   rows: 3
   cols: 1
   dt: d
   data: [ 4.7354846319659738e-01, 4.9853520053093564e-01,
       -1.5478372235517732e+00 ]
T5: !!opencv-matrix
   rows: 3
   cols: 1
   dt: d
   data: [ -3.6783634884056955e+00, -2.0232124219092453e+00,
       2.4412057237652871e+01 ]
R6: !!opencv-matrix
   rows: 3
   cols: 1
   dt: d
   data: [ 5.9123356497626622e-01, 6.2990242817770958e-01,
       -1.5124845418640269e+00 ]
T6: !!opencv-matrix
   rows: 3
   cols: 1
   dt: d
   data: [ -3.7283568772473910e+00, -2.4110531980195500e+00,
       2.4807225124743628e+01 ]
R7: !!opencv-matrix
   rows: 3
   cols: 1
   dt: d
   data: [ -3.7265810356233614e-01, 2.9911791967366153e-01,
       -1.4956632548952093e+00 ]
T7: !!opencv-matrix
   rows: 3
   cols: 1
   dt: d
   data: [ -2.9858812105544508e+00, 6.7978966252427842e-01,
       2.4449600067023699e+01 ]
R8: !!opencv-matrix
   rows: 3
   cols: 1
   dt: d
   data: [ 4.0785750273861193e-01, 4.3055639999948581e-01,
       -1.5179754670864660e+00 ]
T8: !!opencv-matrix
   rows: 3
   cols: 1
   dt: d
   data: [ -3.4228283788723588e+00, 5.4093570151223291e-01,
       2.3658498935062422e+01 ]
R9: !!opencv-matrix
   rows: 3
   cols: 1
   dt: d
   data: [ 5.9872069298941788e-01, -5.2500834845078825e-01,
       -1.5311602340329102e+00 ]
T9: !!opencv-matrix
   rows: 3
   cols: 1
   dt: d
   data: [ -5.6896842985844316e+00, 2.2410473248307849e+00,
       1.9595710518259651e+01 ]
