%YAML:1.0
---
H: !!opencv-matrix
   rows: 3
   cols: 3
   dt: d
   data: [ -3.9774740061030600e-01, -2.7411296348377956e+00,
       1.4333900887307361e+03, 4.6055215583441257e-02,
       -3.1166549254632745e+00, 1.3621085608374640e+03,
       -5.5157669621613144e-05, -2.6284973945127472e-03, 1. ]
