%YAML:1.0
---
H: !!opencv-matrix
   rows: 3
   cols: 3
   dt: d
   data: [ -3.1238035980802914e-01, -2.6937682034063086e+00,
       1.4490795434913434e+03, 1.6795660603787763e-01,
       -3.2954534553606547e+00, 1.3458829385132910e+03,
       4.0878940614339907e-05, -2.7667822837367669e-03, 1. ]
