%YAML:1.0
---
MTX: !!opencv-matrix
   rows: 3
   cols: 3
   dt: d
   data: [ 7.9660744819250374e+02, 0., 1.0020705803328299e+03, 0.,
       7.9397052228385905e+02, 4.2569648560284998e+02, 0., 0., 1. ]
DIST: !!opencv-matrix
   rows: 1
   cols: 5
   dt: d
   data: [ -1.5387400017508232e-01, 2.3631869644561817e-02,
       6.2070986998315713e-05, 1.9669434202948272e-04,
       -1.6671412005179664e-03 ]
R0: !!opencv-matrix
   rows: 3
   cols: 1
   dt: d
   data: [ 1.6461977283076171e-01, 2.5237947207166021e-02,
       -1.5207758431887528e+00 ]
T0: !!opencv-matrix
   rows: 3
   cols: 1
   dt: d
   data: [ -5.0289207762752595e+00, 2.7940632102509841e+00,
       6.5723778687441170e+00 ]
R1: !!opencv-matrix
   rows: 3
   cols: 1
   dt: d
   data: [ -1.6928747710267439e-01, 4.3345374186513036e-01,
       -1.5817308684261973e+00 ]
T1: !!opencv-matrix
   rows: 3
   cols: 1
   dt: d
   data: [ 2.9274378138633761e-01, 2.4380395330044591e+00,
       9.5261727604398843e+00 ]
R2: !!opencv-matrix
   rows: 3
   cols: 1
   dt: d
   data: [ -8.6391783779823136e-02, 1.4388002040934145e-01,
       -1.5131358353365665e+00 ]
T2: !!opencv-matrix
   rows: 3
   cols: 1
   dt: d
   data: [ 1.0990640389127633e+00, 5.3501149389056843e+00,
       8.0241596680376581e+00 ]
R3: !!opencv-matrix
   rows: 3
   cols: 1
   dt: d
   data: [ 8.9227622019580163e-02, 3.9165218977930204e-02,
       -1.4984451524875482e+00 ]
T3: !!opencv-matrix
   rows: 3
   cols: 1
   dt: d
   data: [ -3.3260224685435400e+00, 7.7677477626471196e+00,
       1.0212029791074277e+01 ]
R4: !!opencv-matrix
   rows: 3
   cols: 1
   dt: d
   data: [ 1.2892957223404772e-01, -1.4084083564680466e-02,
       -1.5345605958465538e+00 ]
T4: !!opencv-matrix
   rows: 3
   cols: 1
   dt: d
   data: [ -6.9058382964757714e-01, 3.5093328618577937e+00,
       5.5314760178945770e+00 ]
R5: !!opencv-matrix
   rows: 3
   cols: 1
   dt: d
   data: [ -3.2365047256383384e-01, 3.9102732035873117e-01,
       -1.4202004338594958e+00 ]
T5: !!opencv-matrix
   rows: 3
   cols: 1
   dt: d
   data: [ -3.7154547529602793e+00, 2.2581594387080246e+00,
       1.1159594255635819e+01 ]
R6: !!opencv-matrix
   rows: 3
   cols: 1
   dt: d
   data: [ 7.5229393233311104e-01, -4.7794285111406010e-01,
       -1.4767167773847105e+00 ]
T6: !!opencv-matrix
   rows: 3
   cols: 1
   dt: d
   data: [ -1.2248318171299690e+00, 3.2462616849525832e+00,
       9.4008507037207565e+00 ]
R7: !!opencv-matrix
   rows: 3
   cols: 1
   dt: d
   data: [ 5.2419045857874547e-01, 3.9656488809764845e-01,
       -1.4683401516014307e+00 ]
T7: !!opencv-matrix
   rows: 3
   cols: 1
   dt: d
   data: [ -5.1123636062955189e+00, 3.6413609243807477e+00,
       1.1380465100249696e+01 ]
R8: !!opencv-matrix
   rows: 3
   cols: 1
   dt: d
   data: [ -4.8662356379920357e-01, -5.8532234435626906e-01,
       -1.3931618678868156e+00 ]
T8: !!opencv-matrix
   rows: 3
   cols: 1
   dt: d
   data: [ -4.5307786996571551e+00, 2.1510132559260362e+00,
       1.1161202571629648e+01 ]
R9: !!opencv-matrix
   rows: 3
   cols: 1
   dt: d
   data: [ -3.8598354552843828e-01, -4.2175933404565719e-01,
       -1.3074855332746513e+00 ]
T9: !!opencv-matrix
   rows: 3
   cols: 1
   dt: d
   data: [ -1.3923970450851739e+01, 1.3553888600818060e+00,
       1.0244471523928603e+01 ]
